#  
# pix layerorside   etaMin etaMax       value      iedge   
#  
1           4           0.0      1.3         0.018                0
1           3           0.0      1.3         0.052                0
1           3           1.3      2.1         0.051                1
1           2           1.3      2.1         0.08                 1
1           4           1.3      2.1         0.075                1
1           2           0.0      1.3         0.074                0
1           1           0.0      1.3         0.29                 0
1           1           2.1      2.5         0.20                 2
1           2           2.1      2.5         0.035                2
1           1           1.3      2.1         0.25                 1
2           1           1.3      2.1         0.028                1 
2           1           2.1      2.5         0.077                2 
2           3           2.1      2.5         0.037                2 
2           2           1.3      2.1         0.025                1 
2           3           1.3      2.1         0.022                1 
2           2           2.1      2.5         0.061                2 
2           1           0.0      1.3         0.037                0 